97,338
97,337
97,336
97,335
97,334
97,333
97,332
97,331
97,330
97,329
97,328
97,327
97,326
97,325
97,324
97,323
97,322
97,321
97,320
97,319
97,318
97,317
97,316
97,315
97,314
97,313
97,312
97,311
97,310
97,309
97,308
97,307
97,306
97,305
97,304
97,303
97,302
97,301
97,300
97,299
97,298
97,297
97,296
97,295
97,294
97,293
97,292
97,291
97,290
97,289
97,288
97,287
97,286
97,285
97,284
97,283
97,282
97,281
97,280
97,279
97,278
97,277
97,276
97,275
97,274
97,273
97,272
97,271
97,270
97,269
97,268
97,267
97,266
97,265
97,264
97,263
97,262
97,261
97,260
97,259
97,258
97,257
97,256
97,255
97,254
97,253
97,252
97,251
97,250
97,249
97,248
97,247
97,246
97,245
97,244
97,243
97,242
97,241
97,240
97,239
97,238
97,237
97,236
97,235
97,234
97,233
97,232
97,231
97,230
97,229
97,228
97,227
97,226
97,225
97,224
97,223
97,222
97,221
97,220
97,219
97,218
97,217
97,216
97,215
97,214
97,213
97,212
97,211
97,210
97,209
97,208
97,207
97,206
97,205
97,204
97,203
97,202
97,201
97,200
97,199
97,198
97,197
97,196
97,195
97,194
97,193
97,192
97,191
97,190
97,189
97,188
97,187
97,186
97,185
97,184
97,183
97,182
97,181
97,180
97,179
97,178
97,177
97,176
97,175
97,174
97,173
97,172
97,171
97,170
97,169
97,168
97,167
97,166
97,165
97,164
97,163
97,162
97,161
97,160
97,159
97,158
97,157
97,156
97,155
97,154
97,153
97,152
97,151
97,150
97,149
97,148
97,147
97,146
97,145
97,144
97,143
97,142
97,141
97,140
97,139
97,138
97,137
97,136
97,135
97,134
97,133
97,132
97,131
97,130
97,129
97,128
97,127
97,126
97,125
97,124
97,123
97,122
97,121
97,120
97,119
97,118
97,117
97,116
97,115
97,114
97,113
97,112
97,111
97,110
97,109
97,108
97,107
97,106
97,105
97,104
97,103
97,102
97,101
97,100
97,99
97,98
97,97
97,96
97,95
97,94
97,93
97,92
97,91
97,90
97,89
97,88
97,87
97,86
97,85
97,84
97,83
97,82
97,81
97,80
97,79
97,78
97,77
97,76
97,75
97,74
97,73
97,72
97,71
97,70
97,69
97,68
97,67
97,66
97,65
97,64
97,39
97,38
97,37
97,36
97,35
97,34
97,33
97,32
97,31
97,30
97,29
97,28
97,27
97,26
97,25
97,24
97,23
97,22
97,21
97,20
97,19
97,18
97,17
97,16
97,15
97,14
97,13
97,12
97,11
97,10
97,9
97,8
97,7
97,6
97,5
97,4
97,3
97,2
97,1
97,0
96,3
96,2
96,1
96,0
95,3
95,2
95,1
95,0
94,3
94,2
94,1
94,0
93,3
93,2
93,1
93,0
92,3
92,2
92,1
92,0
91,3
91,2
91,1
91,0
90,3
90,2
90,1
90,0
89,3
89,2
89,1
89,0
88,3
88,2
88,1
88,0
87,3
87,2
87,1
87,0
86,3
86,2
86,1
86,0
0,435
85,3
85,2
85,1
85,0
84,7
84,6
84,5
84,4
84,3
84,2
84,1
84,0
83,3
83,2
83,1
83,0
82,3
82,2
82,1
82,0
81,3
81,2
81,1
81,0
80,3
80,2
80,1
80,0
79,3
79,2
79,1
79,0
78,6
78,5
78,4
78,3
78,2
78,1
78,0
77,5
77,4
77,3
77,2
77,1
77,0
76,4
76,3
76,2
76,1
76,0
75,3
75,2
75,1
75,0
74,3
74,2
74,1
74,0
73,3
73,2
73,1
73,0
72,3
72,2
72,1
72,0
71,3
71,2
71,1
71,0
70,3
70,2
70,1
70,0
69,3
69,2
69,1
69,0
68,3
68,2
68,1
68,0
67,3
67,2
67,1
67,0
66,3
66,2
66,1
66,0
65,3
65,2
65,1
65,0
64,3
64,2
64,1
64,0
63,3
63,2
63,1
63,0
62,3
62,2
62,1
62,0
61,3
61,2
61,1
61,0
0,434
60,3
60,2
60,1
60,0
0,433
59,3
59,2
59,1
59,0
0,432
0,431
58,3
58,2
58,1
58,0
57,3
57,2
57,1
57,0
56,3
56,2
56,1
56,0
55,3
55,2
55,1
55,0
54,3
54,2
54,1
54,0
53,3
53,2
53,1
53,0
0,430
0,429
0,428
0,427
52,3
52,2
52,1
52,0
0,426
51,3
51,2
51,1
51,0
0,425
0,424
0,423
50,6
50,5
50,4
50,3
50,2
50,1
50,0
0,422
0,421
0,420
0,419
49,3
49,2
49,1
49,0
0,418
48,3
48,2
48,1
48,0
0,417
0,416
0,415
0,414
47,3
47,2
47,1
47,0
0,413
46,3
46,2
46,1
46,0
0,412
0,411
0,410
0,409
0,408
45,3
45,2
45,1
45,0
0,407
44,3
44,2
44,1
44,0
0,406
0,405
0,404
0,403
43,3
43,2
43,1
43,0
0,402
42,3
42,2
42,1
42,0
0,401
0,400
0,399
0,398
41,3
41,2
41,1
41,0
0,397
40,3
40,2
40,1
40,0
0,396
0,395
0,394
0,393
39,3
39,2
39,1
39,0
0,392
38,3
38,2
38,1
38,0
0,391
0,390
0,389
0,388
37,3
37,2
37,1
37,0
0,387
36,3
36,2
36,1
36,0
0,386
0,385
0,384
0,383
35,3
35,2
35,1
35,0
0,382
34,3
34,2
34,1
34,0
0,381
0,380
0,379
0,378
33,3
33,2
33,1
33,0
0,377
32,3
32,2
32,1
32,0
0,376
0,375
0,374
0,373
31,3
31,2
31,1
31,0
0,372
30,3
30,2
30,1
30,0
0,371
0,370
0,369
0,368
29,3
29,2
29,1
29,0
0,367
28,3
28,2
28,1
28,0
0,366
0,365
0,364
0,363
27,3
27,2
27,1
27,0
0,362
26,3
26,2
26,1
26,0
0,361
0,360
0,359
0,358
25,3
25,2
25,1
25,0
0,357
24,3
24,2
24,1
24,0
0,356
0,355
0,354
0,353
23,3
23,2
23,1
23,0
0,352
22,3
22,2
22,1
22,0
0,351
0,350
0,349
0,348
21,3
21,2
21,1
21,0
0,347
20,3
20,2
20,1
20,0
0,346
0,345
0,344
0,343
19,3
19,2
19,1
19,0
0,342
18,3
18,2
18,1
18,0
0,341
0,340
0,339
0,338
17,3
17,2
17,1
17,0
0,337
16,3
16,2
16,1
16,0
0,336
0,335
0,334
0,333
15,3
15,2
15,1
15,0
0,332
14,3
14,2
14,1
14,0
0,331
0,330
0,329
0,328
13,3
13,2
13,1
13,0
0,327
12,3
12,2
12,1
12,0
0,326
0,325
0,324
0,323
0,322
11,3
11,2
11,1
11,0
0,321
10,3
10,2
10,1
10,0
0,320
0,319
0,318
9,6
9,5
9,4
9,3
9,2
9,1
9,0
0,317
0,316
8,3
8,2
8,1
8,0
0,315
0,314
7,3
7,2
7,1
7,0
0,313
0,312
0,243
0,0
6,3
6,2
6,1
6,0
5,3
5,2
5,1
5,0
4,3
2,3
1,3
0,9
0,1
0,300
0,299
0,298
0,297
0,296
0,295
0,294
0,293
0,292
0,291
0,290
0,289
0,288
0,287
0,286
0,285
0,284
0,283
0,282
0,281
0,280
0,279
0,278
0,277
0,276
0,275
0,274
0,273
0,272
0,271
0,270
0,269
0,268
0,267
0,266
0,265
0,264
0,263
0,262
0,261
0,260
0,259
0,258
0,257
0,256
0,255
0,254
0,253
0,252
0,251
0,250
0,249
0,248
0,247
0,246
0,245
0,244
0,242
0,241
0,240
0,239
0,238
0,237
0,236
0,235
0,234
0,233
0,232
0,231
0,230
0,229
0,228
0,227
0,226
0,225
0,224
0,223
0,222
0,221
0,220
0,219
0,218
0,217
0,216
0,215
0,214
0,213
0,212
0,211
0,210
0,209
0,208
0,207
0,206
0,205
0,204
0,203
0,202
0,201
0,200
0,199
0,198
0,197
0,196
0,195
0,194
0,193
0,192
0,63
0,62
0,61
0,60
0,59
0,58
0,57
0,56
0,55
0,54
0,53
0,52
0,51
0,50
0,311
0,49
0,310
0,48
0,309
0,47
0,308
0,46
0,307
0,45
0,301
0,6
0,5
0,304
0,303
0,306
0,305
0,302
0,12
0,10
0,8
0,11
0,4
0,2
0,3
0,7
